,title,content,pub_time,src
0,账号被盗后全仓买入济民制药 投资者质疑同花顺存安全漏洞,"原标题：账号被盗后全仓买入济民制药 投资者质疑同花顺存安全漏洞
来源：华夏时报网
记者李继远
持仓股票遭全部清仓并全部买入济民制药，近日，这一诡异的交易行为同步发生在了许多投资者的身上。
《华夏时报》多方采访证实，虽然上述投资者所属开户券商不同，但是他们都属于使用同花顺交易软件的用户。
“我们账号4月2日在异地登录，没有收到任何提醒，4月3号才给我们说登录异常。” 一位投资者对《华夏时报》记者说，同时，多位投资者认为，同花顺交易软件存在安全漏洞导致账户被盗。
不过，13日，同花顺方面在回复《华夏时报》记者时认为： “部分投资者安全防范意识不够导致资金账户、密码泄露。”
账户被盗，集中买入济民制药
“我的账户是4月2号11点18分到19分左右被集中清仓的。”一位来自山东滕州的投资者王磊（化名）告诉《华夏时报》记者，他此前曾持仓多氟多、葛洲坝等多只股票，但是在4月2日，在一分钟时间内，其所有持仓股票被全部卖出，并在下午1点钟左右全仓买入济民制药。
(image_address=""//n.sinaimg.cn/spider2020413/707/w227h480/20200413/3d60-isehnni9126532.jpg"")
“买入金额是21万多元。”王磊告诉本报记者，在发现交易异常后他不得不在4月3号以跌停价挂单将济民制药股票全部清仓。
王磊告诉记者，他的服务券商为平安证券，使用的交易软件为同花顺。
“我的也是4月2号，当时以为是自己按错了把股票清仓了，所以发现之后又挂单买入。”一位福建的投资者表示，但是下午再打开同花顺交易软件时发现，其挂单被撤销并被全部买入了济民制药。
该名投资者发送给记者的交易截图显示，买入济民制药的交易时间是4月2日13点左右，买入3700股，成交额接近20万元。
“我们已经联系到了10多个一样被盗号的投资者。”王磊表示，这些投资者被清仓股票的时间均在4月2日11点左右，买入时间集中在下午1点左右。
(image_address=""//n.sinaimg.cn/translate/707/w227h480/20200413/7230-isehnni9126787.jpg"")
“我们都是用的同花顺的交易软件，被异地登录却没有任何预警和提醒。”上述遭受损失的投资者认为，在4月2日账号被盗后，ip地址显示地址分步在广东广州、深圳、汕头等地，但是同花顺在4月3日才电话联系投资者告知交易异常。
“当时我们自己都已经发现交易异常了，4月3号损失已经发生。”王磊认为，同花顺交易软件存在安全漏洞导致账户被盗，“我们现在十多个投资人总金额是100多万，很多人是跌停价卖出的，损失几十万是有的。”
同花顺回应：投资者安全意识不足
针对上述投资者反映的问题，13日，同花顺书面回复了《华夏时报》记者的采访。同花顺公司认为： “部分投资者安全防范意识不够导致资金账户、密码泄露。据我们了解到的情况，部分投资者因为在炒股微信群里被骗或其他各种原因泄露了证券公司的交易账号和密码，导致盗买盗卖的发生。”
而对于是否存在安全漏洞的问题，同花顺予以否认。“同花顺有科学、规范、完整的安全体系，并非提示异地登陆这么简单，比如投资者经常在上海北京往返，那城市不会是判断异常的唯一标准。”同花顺回应称，公司最近未发现投资者反映的所谓严重的安全隐患。
此外，同花顺还回应称，目前同花顺已经协助部分用户报警，“防范证券犯罪，是证券行业共同面临的挑战。如果客户确信不是自己操作从而发生盗买盗卖情况下，建议立即报警。同花顺将联合券商提供充分的帮助。”
实际上，此前就曾有同花顺的用户反映在注册同花顺后，会陆续接到很多推荐股票的推销电话。这类反映和投诉在互联网平台上屡见不鲜。
“现在我们受害者以集体的名义投诉同花顺公司监管不力，或者内部买卖个人信息，致使不法分子盗取账号，恶意操纵账号。”在某投诉平台上，一位同样的受害者留言表示。
分散各地的持仓集中在一个时间点买入济民制药，是否为庄家借助安全漏洞进行接盘？
据了解，4月1日，济民制药大涨6.1%，但成交仅有7700万元，换手率仅0.49%；4月2日，济民制药收盘微涨0.19%，但振幅却接近5%，成交激增至5.87亿元，换手率达到3.5%；4月3日，济民制药一字跌停，仅成交3200万元。
“济民制药在3月27日出货放量，成交量仅1亿多元，但已接近跌停，可见市场缺乏接盘。但在4月2日时，成交量达到5亿，巨额出货的基础下没有出现大跌幅，在没有利好影响下，不可能出现这么多自发性、聚集性的散单买入。”一位不具姓名的业内分析人士认为，其背后是否涉及违法问题需要公安机关的调查。
责任编辑：陈志杰",2020-04-13 18:59:42,新浪财经
1,ST锐电：股票已连续20交易日低于面值 4月14日起停牌,"新浪财经讯4月13日消息，ST锐电：股票已连续20个交易日收盘价格均低于股票面值（即1元），公司股票自2020年4月14日开市起停牌，上交所在公司股票停牌起始日后的15个交易日内，作出是否终止公司股票上市的决定。
责任编辑：王帅",2020-04-13 18:59:33,新浪财经
2,新疆浩源：涉嫌信披违法违规 遭新疆证监局立案调查,"新浪财经讯4月13日消息，新疆浩源（维权）（002700）4月13日晚公告，公司于4月13日收到新疆证监局调查通知书，因公司涉嫌信息披露违法违规，新疆证监局决定对公司立案调查。
责任编辑：王帅",2020-04-13 18:56:17,新浪财经
3,广西金嗓子实控人欠钱不还成“老赖” 公司负债究竟有多少？,"“金嗓子喉片，广西金嗓子”：实控人欠钱不还成“老赖”，公司负债究竟有多少？| 港股风云
来源：市值风云 
(image_address=""//n.sinaimg.cn/finance/crawl/99/w550h349/20200413/070b-isehnni9114756.png"")
作者 | 罗兰
流程编辑 | 小白
“
风云君非常怀疑金嗓子真实的债务水平以及偿债能力。
”
一、“金嗓子喉片，广西金嗓子”
当年有一句广告词特别火：金嗓子喉片，广西金嗓子。一到央视频道晚间黄金时段，这段广告就会循环播放，极为魔性。
下面，风云君就和大家聊聊金嗓子背后的公司：金嗓子（06896.HK）。金嗓子全称金嗓子控股集团有限公司，是一家专门做润喉片的制造商，总部位于广西柳州市。
金嗓子的产品可分为三类：金嗓子喉片、金嗓子喉宝，及其他产品。
金嗓子喉片是公司的核心大单品，不过和大家日常的认知不同，金嗓子喉片并不属于食品，而是药品，并且已被国家食品药品监管局批准为非处方药，即OTC。
消费者无需处方，就可以在药店购买金嗓子喉片。
(image_address=""//n.sinaimg.cn/finance/crawl/541/w546h795/20200413/98bf-isehnni9114824.png"")
既然是药，那么肯定得有一定的疗效。根据金嗓子喉片的说明书，其主要用于：缓解因急性咽炎所致的咽喉肿痛、干燥灼痛、声音嘶哑。
成份有薄荷脑、山银花、石斛等。
(image_address=""//n.sinaimg.cn/finance/crawl/156/w550h406/20200413/81d1-isehnni9114884.png"")
金嗓子喉宝与金嗓子喉片虽然只有一字之差，但是前者是食品，后者是药品。
金嗓子喉宝是公司于2013年推出的无蔗糖成份的润喉糖，属于糖果类。细分一下，除了原味，金嗓子喉宝还有西洋参味、香橙味、罗汉果味等。
(image_address=""//n.sinaimg.cn/finance/crawl/344/w550h594/20200413/f836-isehnni9114933.png"")
公司的其他产品主要指的是金嗓子草本植物饮料，也属于食品。
(image_address=""//n.sinaimg.cn/finance/crawl/227/w550h477/20200413/ef99-isehnni9114983.png"")
收入结构方面，金嗓子喉片一直是公司的核心大单品。2015-2019年，金嗓子喉片的收入一直占公司总营收的90%左右。
虽然金嗓子喉宝的收入占比从5.58%增长至8.41%，但比例依然很低。
至于公司其他产品，收入占比就更低了。
(image_address=""//n.sinaimg.cn/finance/crawl/203/w550h453/20200413/78f3-isehnni9115022.png"")
毛利率方面，公司整体的毛利率维持在70%左右，很高。
而较高的毛利率，就是靠金嗓子喉片拉动的。
(image_address=""//n.sinaimg.cn/finance/crawl/157/w550h407/20200413/b9db-isehnni9115057.png"")
对比一看，金嗓子喉片的毛利率在2015-2019年一直保持在75%左右，而金嗓子喉宝的毛利率则在60%上下。
也就是说，喉片的毛利率要比喉宝的毛利率高出近15个百分点。
(image_address=""//n.sinaimg.cn/finance/crawl/180/w550h430/20200413/7df1-isehnni9115107.png"")
二、不断提价的喉片
不管是金嗓子喉片，还是金嗓子喉宝，两者都是按盒来销售的，每盒净含量都是24g。
2015-2019年，金嗓子喉片和喉宝都在提价：前者从每盒5元增长到每盒6.4元，后者从每盒4.2元，增长至5.2元。
(image_address=""//n.sinaimg.cn/finance/crawl/169/w550h419/20200413/c41b-isehnni9115138.png"")
同期，单盒喉片成本以及单盒喉宝成本变动不大。
两者相比我们可以发现：喉片卖得比喉宝贵，但是成本却比喉宝低，这样就导致喉片的毛利率要比喉宝的毛利率高。
(image_address=""//n.sinaimg.cn/finance/crawl/161/w550h411/20200413/b25c-isehnni9115175.png"")
公司的销售方式以经销为主，因此，前面所说的价格并非消费者所购买的零售价格。
截至2019年12月31日，公司经销商数量超过550个。
(image_address=""//n.sinaimg.cn/finance/crawl/680/w550h130/20200413/314e-isehnni9115208.png"")
由于金嗓子喉片贡献了公司收入的绝大部分，因此，公司的营收主要取决于喉片的销售量以及销售价格。
在2017年触底之后，喉片的销售量开始逐渐回升，在2019年达到1.13亿盒，不过这个销量仍然比2015、2016年的低。
(image_address=""//n.sinaimg.cn/finance/crawl/172/w550h422/20200413/4043-isehnni9115247.png"")
同期的营业收入，从2017年的6.24亿元触底反弹，后增长至2019年7.97亿元，并超过2016年营收的最高点。
(image_address=""//n.sinaimg.cn/finance/crawl/140/w550h390/20200413/79e6-isehnni9115292.png"")
金嗓子的销售成本主要包括这么几项：包装材料成本、劳工成本、原材料成本等。
2019年公司营业成本里：46.5%是包装成本，原材料成本和劳工成本分别占比22.6% 、21.4%。
(image_address=""//n.sinaimg.cn/finance/crawl/125/w550h375/20200413/f4e7-isehnni9115343.png"")
尽管金嗓子的毛利率一点也不低，但是Ta每年的销售费用很多，是占比最大的费用支出：2015-2019年，金嗓子的销售费用率保持在40%左右。
2017年的销售费用率更是已经接近50%。
(image_address=""//n.sinaimg.cn/finance/crawl/131/w550h381/20200413/5969-isehnni9115371.png"")
按道理来说，金嗓子在渠道方面的支出肯定不会低，铺天盖地的广告可是需要白花花的银子的。
而且，金嗓子会在若干地区专门委聘一些推广商，做产品的推广与宣传。
同时，这些推广商还会帮助公司寻找地市级的分销商，并监督分销商的活动。
(image_address=""//n.sinaimg.cn/finance/crawl/638/w550h88/20200413/c9a9-isehnni9115393.png"")
2018年10月，金嗓子首次在天猫平台开立金嗓子喉宝旗舰店，线上渠道的拓宽也是一笔不小的支出。
(image_address=""//n.sinaimg.cn/finance/crawl/620/w550h70/20200413/e91b-isehnni9115411.png"")
金嗓子的研发支出没有资本化的部分，研发费用先从2015年的229万元下降至172万元，后又逐渐回升至2019年的289万元。
同期研发费用率在0.3%左右。
(image_address=""//n.sinaimg.cn/finance/crawl/159/w550h409/20200413/166f-isehnni9115432.png"")
虽然金嗓子主要做的是非处方药，但是和一般意义上的药企尤其是创新型药企不同：后者的研发费用率通常是比较高的，但是金嗓子的研发费用率，和普通的食品饮料行业差不多。
金嗓子每年都有一笔其他收入，金额不算小，主要包括政府补助、银行利息收入以及按公允价值计入损益表的金融资产投资收益等。
(image_address=""//n.sinaimg.cn/finance/crawl/694/w550h144/20200413/5f09-isehnni9115458.png"")
2015-2019年，其他收入占净利润的比例在15%-45%之间，显然其他收入不属于因经营主营业务而产生的收入，因此，我们需要对净利润做出一定的调整，即在原来的净利润基础上扣除其他收入。
(image_address=""//n.sinaimg.cn/finance/crawl/135/w550h385/20200413/45cf-isehnni9115485.png"")
不过，不管是调整前的净利率，还是调整后的净利率，两者的走势是基本一致的，都在2015-2017年间，经历了下滑，后来又都经历了V型反弹。
(image_address=""//n.sinaimg.cn/finance/crawl/157/w550h407/20200413/3f44-isehnni9114749.png"")
2018、2019年，净利率能够迅速回升，最主要的原因就是销售费用率大幅下降。
净利率在2016、2017年下滑的原因是不同的，2016年公司营收是增加的，只是销售费用增长幅度更大，导致净利润减少；而2017年的下滑主要系营收的减少。
销售费用从2015年的2.55亿元，增长至2016年的 3.19亿元，增幅约为25%，主要原因是公司在2016年向市场推出了新产品：草本植物饮料。
从目前的情况来看，这钱基本可以说是打了水漂，该产品并没有为公司带来多少收入。
(image_address=""//n.sinaimg.cn/finance/crawl/667/w550h117/20200413/a70e-isehnni9114794.png"")
相较于2015-2017年，经营性现金流净额和自由现金流在2018年均出现了明显的改善。主要是2018年公司的营收和净利润均有所增加，并且还对销售费用进行了严格的控制。
(image_address=""//n.sinaimg.cn/finance/crawl/159/w550h409/20200413/5fb9-isehnni9114843.png"")
三、深陷诉讼风波，公司的负债究竟有多少？
风云君注意到从2015年到2019年，金嗓子账上的现金及现金等价物总体是减少的。
那么问题来了，公司把赚来的钱具体花在了哪里？
(image_address=""//n.sinaimg.cn/finance/crawl/151/w550h401/20200413/07b2-isehnni9114873.png"")
第一个去处是做投资。2016年金嗓子有一笔3.15亿元的可供出售投资。
(image_address=""//n.sinaimg.cn/finance/crawl/709/w550h159/20200413/b909-isehnni9114909.png"")
具体投资标的是公司债券及票据。
(image_address=""//n.sinaimg.cn/finance/crawl/9/w550h259/20200413/e486-isehnni9114946.png"")
第二个去处也是最主要的去处，就是购买固定资产。截至2019年末，公司物业、厂房及设备合计达到4.12亿元。
(image_address=""//n.sinaimg.cn/finance/crawl/174/w550h424/20200413/5f37-isehnni9114982.png"")
其中投入最大的是厂房。金嗓子在广西柳州市洛维工业集中区新建了一个药品生产基地，2019年上半年该工程基本竣工，并可于2019年年底进行投产，一旦全力开工可将金嗓子喉片的产能提升约57%。
(image_address=""//n.sinaimg.cn/finance/crawl/691/w550h141/20200413/8d24-isehnni9115032.png"")
根据金嗓子最新的业绩公告，受到疫情的影响，生产基地的生产工作被迫延迟。
算上新建的，金嗓子目前共有三个生产基地，但是公司并没有披露哪些基地关闭了，哪些又复工了或者还没复工。
(image_address=""//n.sinaimg.cn/finance/crawl/740/w550h190/20200413/91a4-isehnni9115071.png"")
金嗓子有少量的存货，主要是一些原材料和成品。
(image_address=""//n.sinaimg.cn/finance/crawl/719/w550h169/20200413/601c-isehnni9115109.png"")
2015-2019年，金嗓子的存货周转率在3.5-5.5之间。
(image_address=""//n.sinaimg.cn/finance/crawl/144/w550h394/20200413/62dd-isehnni9115161.png"")
金嗓子每年都有非常多的应收账款及票据，数额在4个亿左右，其占营收的比例高达50%以上。
这也可以解释为什么公司的经营性现金流净额与净利润差那么多。
(image_address=""//n.sinaimg.cn/finance/crawl/140/w550h390/20200413/ed93-isehnni9115197.png"")
具体构成方面，应收票据是大头，占比超过70%，剩下才是占比20%左右的应收账款。
(image_address=""//n.sinaimg.cn/finance/crawl/736/w550h186/20200413/1423-isehnni9115229.png"")
至于为什么有这么多的应收票据，金嗓子的解释是公司与客户交易的条款以信贷为主，信贷期限通常为3个月，主要客户可延长至6个月。
金嗓子的这种销售方式，实际上就是我们平常所讲的赊销，也即信用销售。
稍微科普一下，信用通常可分为商业信用和金融信用：
商业信用体现的是企业与企业之间，非金融类债权关系，在财报上对应的是应收、预收等项目；
而金融信用是金融机构对企业进行的贷款类业务，属于金融类债权。
赊销是商业信贷的一种，与金融信贷一样，都会产生利息，所不同的是，金融信贷产生的利息，是真正意义上的利息，在财务报表上写的也是利息。
赊销就不同了，企业延期支付货款时，会顺带多付一部分，这多出的“利息”全部算在商品的销售收入里，属于收入的一部分。金嗓子的应收票据是计息的，但是应收账款不计息。
(image_address=""//n.sinaimg.cn/finance/crawl/640/w550h90/20200413/fdbe-isehnni9115261.png"")
这么多的应收票据，显然占用了金嗓子大量的资金。金嗓子没有长期负债，但是每年都有短期的计息银行借款，数额均不到1个亿。
(image_address=""//n.sinaimg.cn/finance/crawl/150/w550h400/20200413/0051-isehnni9115298.png"")
计息借款中有的有抵押，有的没抵押，这近1个亿的短期负债，和账上6、7个亿的现金相比，貌似也不是很多？
别急，咱们可以看看金嗓子的中期财报。
(image_address=""//n.sinaimg.cn/finance/crawl/732/w550h182/20200413/0de1-isehnni9115335.png"")
2019年中期财报中，短期借款达到3.6亿元，占账上现金及现金等价物的比例已经接近50%，这个比例就不算低了。
(image_address=""//n.sinaimg.cn/finance/crawl/743/w550h193/20200413/2e67-isehnni9115359.png"")
而且这些借款中又有大约一半，是用应收票据质押给银行所形成的。
(image_address=""//n.sinaimg.cn/finance/crawl/632/w550h82/20200413/d95a-isehnni9115386.png"")
咱们再往前回溯发现，2015、2016年的中报，再次出现类似的异常情况。
2016年中报的时候，金嗓子已经成功上市，其短期借款为2.03亿元，而账上现金及现金等价物，只有2.85亿元。
(image_address=""//n.sinaimg.cn/finance/crawl/644/w550h94/20200413/d1ee-isehnni9115400.png"")
虽然公司当时有一笔可供出售的投资，即价值4个亿的公司债券，但是这些债券已经全部质押给银行了。
(image_address=""//n.sinaimg.cn/finance/crawl/620/w550h70/20200413/a741-isehnni9115426.png"")
2015年中报的时候，金嗓子还没上市，账上的现金及等价物只有0.93亿元，而短期借款已经达到1.43亿元，应收账款及票据更是高达2.59亿元。
(image_address=""//n.sinaimg.cn/finance/crawl/60/w550h310/20200413/6d52-isehnni9114747.png"")
基于以上数据，风云君怀疑可能存在如下情况：
临近年末或者半年末，金嗓子就会把大部分欠银行的钱还上，造成一种不是很缺钱的假象。但是实际上，公司是很缺乏流动资金的，否则Ta也不会在经营过程中找银行借大量的钱。而且，大部分还都是用应收票据质押。
应收票据分为银行承兑票据和商业承兑票据，前者由银行负责兑付，而后者是企业承兑，一旦该企业资金不足就无法按期兑付。显然，前者的质量更高，风险更低。
金嗓子说自己的应收票据全是6个月以内的，既没有逾期，也没有减值。
(image_address=""//n.sinaimg.cn/finance/crawl/637/w550h87/20200413/a9a9-isehnni9114792.png"")
除了流动性风险外，金嗓子还涉及到或然负债的问题（备注：或然负债是指不会于财报上确认为负债的若干责任，但这些责任应于财报附注中披露）。
根据公告，牵扯到金嗓子的法律讼诉案有三件。
首先是金嗓子的子公司广西金嗓子食品有限公司（以下简称“金嗓子食品”）和上海星空华文国际传媒有限公司（以下简称“星空传媒”）的一宗官司。
2016年，为了推广和宣传新产品，金嗓子食品找到星空传媒，要求后者在节目中为其打广告，金嗓子食品先支付了1300万元，但因不认可广告效果，后拒绝支付剩下的尾款，星空传媒一怒之下将金嗓子食品告上法庭。
(image_address=""//n.sinaimg.cn/finance/crawl/553/w550h803/20200413/03e5-isehnni9114855.png"")
风云君从中国裁判文书网中了解到，法院的最终判决是要求金嗓子食品支付5167万元广告费给星空传媒。
官司败诉后，金嗓子食品竟然拒不执行。
于是星空传媒向法院申请冻结金嗓子食品的账户，却发现子公司账上只有100万现金，其余资产都在母公司名下。
2019年9月，金嗓子食品被列入失信被执行人名单，实控人江佩珍被列为限制消费人员，也即老赖。
(image_address=""//n.sinaimg.cn/finance/crawl/148/w550h398/20200413/4e25-isehnni9114913.png"")
江佩珍是金嗓子食品的实控人，也是上市母公司金嗓子的董事局主席。
而母公司的实控人、副主席曾勇，正是江佩珍的儿子。
(image_address=""//n.sinaimg.cn/finance/crawl/742/w550h192/20200413/27e4-isehnni9114951.png"")
在2018年的年报里，金嗓子因这场官司而确认的或然负债为5167万元，但是当时董事局认为自己有足够的理由胜诉，结果在2019年的业绩公告里，这笔或然负债完全消失了，公司提都不提。
(image_address=""//n.sinaimg.cn/finance/crawl/741/w550h191/20200413/d8d7-isehnni9114992.png"")
2019年金嗓子的净利润为1.68亿，如果扣减0.52亿元的或然负债，净利润就只剩1.16亿元。
风云君很奇怪，为什么金嗓子宁愿让主席成为老赖，也不愿意还钱呢？
2019年公司账上的现金及等价物有5.77亿元，短期负债只有0.96亿元，按理说，完全有能力把5千多万的欠款还上。
(image_address=""//n.sinaimg.cn/finance/crawl/744/w550h194/20200413/ea5f-isehnni9115029.png"")
另外的两宗官司，情况也差不多，都是子公司因拖欠广告代理商的广告费而成为被告。
(image_address=""//n.sinaimg.cn/finance/crawl/26/w550h276/20200413/e24e-isehnni9115068.png"")
前文说过，金嗓子是比较重视营销的，但是近几年的销售费用增长比较缓慢，难不成是由于公司经常拖欠广告费造成的？
四、总结
在2017年之后，金嗓子的各项盈利指标均出现好转，这主要得益于喉片价格的提升以及销量的回升。
但是我们也要看到，这家公司确实存在一定的风险，可疑的地方不少。
不管是流动性风险，还是公司到处拖欠代理商的广告费，这些数据与事实，让风云君非常怀疑金嗓子真实的债务水平以及偿债能力。
免责声明：自媒体综合提供的内容均源自自媒体，版权归原作者所有，转载请联系原作者并获许可。文章观点仅代表作者本人，不代表新浪立场。若内容涉及投资建议，仅供参考勿作为投资依据。投资有风险，入市需谨慎。
责任编辑：王帅",2020-04-13 18:52:38,新浪财经
4,两连板杭钢股份：框架协议系公司与浙江天猫初步磋商,"新浪财经讯4月13日消息，两连板杭钢股份：近日有市场传闻公司与阿里巴巴合作建设浙江云计算数据中心项目。经核实，近日公司与浙江天猫在杭州市签订了关于共建浙江云计算数据中心项目合作框架协议，该框架协议仅系公司与浙江天猫的初步磋商。
责任编辑：王帅",2020-04-13 18:49:35,新浪财经
5,海航控股：子公司拟29.44亿转让3家项目公司,"新浪财经讯4月13日消息，海航控股公告，为优化公司资产结构，进一步实现“聚焦主业健康发展”的目标，公司控股子公司祥鹏航空拟向海控置业转让其持有的3家项目公司海南国善、海南国旭、海南航鹏的100%股权，交易金额共计29.44亿元。海发控股系公司控股股东大新华航空有限公司之控股股东，海控置业为海发控股全资孙公司。
责任编辑：王帅",2020-04-13 18:47:39,新浪财经
6,浑水创始人：傻子也能在中国赚钱 曾称继续做空港股,"(image_address=""//image.sinajs.cn/newchar/png/k/hk/daily_660/02020.png"")
热点栏目
自选股
数据中心
行情中心
资金流向
模拟交易
客户端
新浪港股讯 4月13日消息，浑水创始人卡森布洛克2005年大学毕业后，信心满满来到中国上海创业，还写了《傻瓜也能在中国赚钱》的书。他在上海某律师事务所当过一年律师，之后和人合伙开办了一家自助储存库公司，都没有成功，反而赔光了所有的钱。
2010年，已经成了“中国通”的卡森最后得出了一个结论：“中国的股票欺诈就像硅谷的科技公司那样，遍地都是。”2010年6月28日，他召集了一批熟悉中国商业规则的人，在香港成立了“浑水公司”。
据统计，浑水公司成立十年以来一共做空了35家公司，大约平均每3~4个月就要做空一家公司。其中，被浑水做空的中概股公司就有18家，占比一半以上。
近期，无论是好未来、爱奇艺、瑞幸咖啡，都和浑水沽空分不开。
2018年，好未来曾遭遇浑水做空，称其欺诈性创造利润。当时，好未来股价出现闪崩，跌幅一度超过15%。浑水更是一连发布了4篇报告，除了指责利润误导，还控诉好未来在核心培优业务的健康状况上误导投资者。
今年1月31日，浑水称收到了一份关于瑞幸咖啡的匿名报告，浑水认为报告内容属实。报告认为，瑞幸咖啡从2019年第三季度开始捏造财务和运营数据。
4月7日晚间，做空机构浑水通过推特，宣布“正在做空爱奇艺，协助Wolfpack Research对爱奇艺进行全面研究，我们认为它是一个骗局。”浑水认为，爱奇艺欺骗性地、实质性夸大了用户、收入、收购考量和“易货”内容的价值。
浑水曾经战果辉煌，多家公司暴跌、甚至被逼摘牌退市。从2010年6月，浑水公司先后做空东方纸业、中国高速频道、嘉汉林业等中国概念股，无一失手，从无败绩！
2014年，浑水将战场扩至香港市场，先后对奇峰国际、辉山乳业、敏华控股、安踏体育进行了沽空。其中，辉山乳业直接退市。此后，2017年5月，浑水创办人Carson Block表示，浑水公司将继续做空港股上市公司。不过，浑水则在敏华控股、安踏体育沽空中大败。
7月7日至7月21日，浑水连发五弹对安踏进行沽空，称安踏财务数据造假、秘密控制27间分销商，对安踏旗下Fila于北京和河北的拥有权提出质疑等。安踏对相关沽空一一回应，5月30日至7月21日，安踏体育股价累计上涨22.04%。而质疑过后，则是安踏屡屡创出历史新高，最高见到了近80港元的高位。
责任编辑：张海营",2020-04-13 18:45:44,新浪财经
7,神州优车回拟转让神州租车股份：正与潜在投资者接洽,"新浪财经讯4月13日消息，神州优车回应拟转让神州租车股份：公司正在与潜在投资者接洽。
责任编辑：王帅",2020-04-13 18:36:42,新浪财经
8,风雨“长城系”：长城影视被立案 掌门父子曾遭1300万悬赏追债,"风雨“长城系”：长城影视（维权）被立案，掌门父子曾遭1300万悬赏追债！
来源：野马财经
原创 野马稿王 
资本市场风起云涌，有新的资本系族崛起，也有旧的系族逐渐瓦解。
小学辍学的赵锐勇，放过牛，捡过牛粪，拾过煤渣。外出打工，却阴差阳错变身为农民作家。带着作家的头衔，最后又成为一代资本大佬，创建了一度风靡市场的“长城系”。
然而，坐拥4家上市公司的“长城系”，不到5年市值蒸发逾230亿元，如今身陷困境。企业亏损、高负债、被起诉……就在最近，长城影视因为信披违规，被立案调查。此外，其还面临ST的风险。
4月12日，有“影视借壳第一股”之称的长城影视（002071.SZ）因为涉嫌信息披露违法违规，被证监会立案调查。野马财经（微信公号：ymcj8686）致电长城影视，欲就此详细咨询，不过电话始终无人接听。
受此消息影响，4月13日，长城影视开盘跌停，收盘于2.07元/股，市值10.88亿元。
巨亏10亿或戴帽，二代掌门勤减持
长城影视顶着“影视借壳第一股”的光环，掌门父子赵锐勇和赵非凡一度想要将其打造为另一个“邵氏电影”。不过如今，长城影视除了被立案调查，还可能“披星戴帽”。
长城影视2019年业绩预告显示，总营收5.04亿元，同比减少65.15%；净亏损9.74亿元，同比下降135.14%。2018年同期亏损4.14亿元，这已经是其连续两年亏损。根据《深圳证券交易所股票上市规则》的有关规定，如果连续两年亏损，将面临ST风险。
(image_address=""//n.sinaimg.cn/finance/crawl/137/w550h387/20200413/4219-isehnni9058898.jpg"")
图片来源：长城影视的2019年业绩预告
对于业绩变化原因，长城影视在业绩预告中解释是“受市场需求及行业发展趋势变化的影响，加之新业务与新渠道开拓缓慢，2019年度部分子公司经营业绩未达预期。”此外，其报告期内投资拍摄的重大历史革命题材作品还未通过复审，而公司“受上游行业效益放缓及融资环境下行的影响，融资费用及计提坏账准备金额有所提高。”
业绩断崖式下跌，其股价也从2019年4月初6.12元/股的高点，跌落至如今的2.07元/股，相比去年高峰期，市值蒸发约32亿元。
(image_address=""//n.sinaimg.cn/finance/crawl/684/w550h134/20200413/8fde-isehnni9058934.jpg"")
就在去年12月，赵氏父子还被银行1300万悬赏追债，一度上了热搜。彼时，建设银行西湖支行表示，从2017年开始，“长城系”的公司陆续向该银行贷款1亿多元，以公司应收债权作为质押。不过这上亿的债权，银行只追回两三百万元。于是，银行向法院提出强制执行申请。
其实在巨额悬赏背后，赵氏父子早已经陷入资金困境。
从2018年开始，“长城系”公司就接连遭遇股份被冻结，被动减持，债务逾期等困局。长城影视曾披露，长城集团截至2018年9月的资产达100.97亿元，负债78亿元，资产负债率77.71%。
野马财经（微信公号：ymcj8686）不完全统计，接手长城影视的二代掌门赵非凡（又叫“赵锐均”）从2019年至今，多次减持，套现约1200万元。
(image_address=""//n.sinaimg.cn/finance/crawl/698/w550h948/20200413/c4cd-isehnni9058976.jpg"")
如今的“长城系”麻烦不断……然而“长城系”曾经在A股资本族系中举足轻重，“长城系”背后的赵锐勇更是一度横扫市场，“战绩”卓越。
30年变大佬，3年打造资本系族
1954年，赵锐勇出生于浙江诸暨县乡下，虽然只是一个小小的县级市，诸暨却因为拥有十几家上市公司而声名显赫。赵锐勇的“长城系”就是其中之一。
小学四年级辍学后，赵锐勇放过牛、捡过牛粪、拾过煤渣，后来到诸暨的一家农机厂做学徒工。因为酷爱读书，赵锐勇一边打工，一边写作，后来以青年农民作家的身份在绍兴文坛展露头角，当时的知名度比肩作家余华。
笔杆子也成为赵锐勇闯入资本市场的敲门砖。在写文章小有名气后，赵锐勇1980年进入诸暨广播站，成了一名记者，随后平步青云。
1995年，赵锐勇从诸暨县到了杭州，操办了浙江影视创作所，就此和商界搭上了关系。因为经营成果显著，2007年赶上国企改制，赵锐勇盘下了浙江影视创作所，也就是后来的长城影视，并四处筹钱投拍了电视剧《红日》。
当时，《红日》的利润高达2000万，首批创投按十倍溢价以两个亿的市值投资长城影视。拿到第一桶金之后，长城影视开始快速发展，随后又接连拍摄了《隋唐英雄》、《武则天秘史》等家喻户晓的古装片，到2012年，长城影视营收超4亿，净利润1亿元，已经是浙江省的头部影视公司。
而赵锐勇也意识到了资本市场的魅力，积极准备上市。2014年初，长城集团成功借壳江苏宏宝登陆A股。
上市之后，赵锐勇开始在资本市场大展身手。同年7月，长城集团以3亿元对价从四川圣达（000835.SZ）原控股股东手中拿下其所持全部股份，后更名为长城动漫（维权）。
手握两家上市公司后， 2015年10月至2016年1月，赵锐勇先后通过受让股权、二级市场交易等方式，耗资约9亿元将“内讧”近3年的“杭州第一股”天目药业收入囊中。
“长城系”也因此荣获“摘牌王”的称号。
赵锐勇用30年时间从农民作家转身资本大佬，又用3年时间控股三家A股公司打造“长城系”。
虽然资本市场惊涛骇浪，但赵锐勇一路平稳过渡，如履平地。纵观其操作手法，先是拿壳，接着在“壳”公司里装新故事，从影视到动漫再到医药，赵锐勇适时抓住了市场的潮流，每一次都能刺激股价飙升，然后高位质押回流资金，接着寻找下一个目标。
在并购中尝到甜头的赵锐勇，随后开始在股价高位时质押股权来融资，实现频频买买买。
据野马财经（微信公号：ymcj8686）不完全统计，自2014年借壳上市到2018年，长城影视收购的公司多达28家，并购标的涉及影视、广告、营销以及旅游等多个方面，先后收购了上海胜盟、浙江光线影视等多家公司及9家旅行社，共耗资约48亿元。
长城动漫紧随兄弟公司脚步，从2014年至2018年，纳入合并报表的公司高达23家。仅在2014年底，长城动漫就以10.16亿元现金收购湖南宏梦卡通、杭州东方国龙等7家公司的股权。就是这次收购，在日后形成了高达6亿元的商誉。
其中长城影视收购比较有名的是首映时代。2016年，长城影视欲10亿元收购蒋雯丽家族的首映时代，溢价一度高达31倍，但是在监管层一封又一封的问询函后，这项收购最终夭折，这也成为“长城系”的滑铁卢。曾经一路飞驰的“长城系”，按下了暂停键。
神话变囧话，市值消失逾230亿
收购失败，是“长城系”业绩变脸在资本市场的直接影响。年报显示，2018年，长城系旗下的三家A股公司合计亏损8.72亿元。
2019年，除了天目药业外，长城影视和长城动漫的经营业绩继续下滑。其中长城动漫，净利润亏损3.5-4.5亿元，同比下降22%-持平。
而天目药业在多次亏损后，2019年实现扭亏，业绩预告显示其实现净利润3826-5326万元。
其实这次被立案调查，对于“长城系”并不陌生。早在2019年11月5日，天目药业公告称，其在2017-2019年之间，替控股股东长城集团违规担保1亿元，且通过旗下子公司，为长城集团借款2460万元，但是这些情况均未通过公司董事会审议及披露，涉嫌违规担保。 
同年11月9日，长城影视、长城动漫等连续公告，公司实际控制人赵锐勇因涉嫌信息披露违法违规被证监会立案调查。  
随着“长城系”陷入窘境，赵锐勇自身也处境不佳。目前长城集团持有三家公司的股权质押率近90%。
2014年，长城集团以22.91亿元借壳江苏宏宝，打造“影视借壳第一股”时，一个月股价上涨3倍，创造了当年的一个神话。此后攻城略地，“长城系”由此快速崛起。但短短数年，便又陷入到了如今的窘境之中。
当前，长城系旗下4家公司总市值约36亿元左右，相比高峰时逾270亿元的总市值，已经蒸发约234亿元。
赵锐勇已经卸任长城集团法人代表，一代资本大佬退居幕后，儿子赵非凡活跃在前台。如今看来，企二代也未能让疲软的“长城系”再度活跃。
风雨飘摇之际，长城影视又因为信披问题被立案调查，而且，在新冠肺炎的影响下，影视行业今年的业绩压力会进一步加大，你觉得“长城系”还能翻盘吗？
免责声明：自媒体综合提供的内容均源自自媒体，版权归原作者所有，转载请联系原作者并获许可。文章观点仅代表作者本人，不代表新浪立场。若内容涉及投资建议，仅供参考勿作为投资依据。投资有风险，入市需谨慎。
责任编辑：王帅",2020-04-13 18:30:33,新浪财经
9,上汽集团：2019年净利润同比下降28.9% 拟10派8.8元,"新浪财经讯 4月13日消息，上汽集团晚间公告，2019年净利润256亿元，同比下降28.9%，拟10派8.8元。
责任编辑：陈志杰",2020-04-13 18:30:29,新浪财经
10,蓝思科技跌停：150亿巨额融资吓坏投资者 机构狂抛售,"原标题：蓝思科技跌停：150亿巨额融资吓坏投资者，机构疯狂抛售
记者 梅岭
蓝思科技（300433.SZ）在4月10日披露的定增150亿元布局5G项目的方案，吓坏了投资者。
4月13日，蓝思科技开盘后封死跌停板，股价报15.88元/股。
4月10日晚间，蓝思科技发布公告，公司拟定向增发13亿股募集不超过150亿元。用于智能穿戴和触控功能面板建设等4个项目和补充流动资金。
150亿元的巨额融资，相当于蓝思科技上市5年来净利润总和65.4亿元的2.3倍，现金分红总额16.48亿元的9.1倍，2019年营业收入303.15亿元的一半。
有分析指出，公司定增自然会稀释本来的股东权益，一份权益大概被稀释为原来的77%，如果全部发行成功，发行期首日的前20个交易日均价为14.43元，这相当于较4月13日的跌停价再跌9%。
盘后数据显示，蓝思科技因日价格跌幅偏离值达到-8.50%登上深交所龙虎榜，当日成交金额7.01亿元，机构买卖频繁，一机构专用席位今日买入2202.15万元，三个机构专用席位合计卖出6676.3万元。
(image_address=""//n.sinaimg.cn/spider2020413/152/w580h372/20200413/8270-isehnni9053507.png"")（图片来源：深交所）
定增消息披露后，有媒体报道称湖南省国资委或将参与此次定增。对此，4月13日，蓝思科技在深交所互动易平台上回答表示：本次非公开发行预案公告后，公司收到许多来自国内外、资金实力雄厚的机构咨询，本次发行尚需公司股东大会和中国证监会审核、批准，因此目前本次发行涉及的发行数量、募集金额等关键因素还存在一定不确定性。
此前，蓝思科技曾表示：公司前三季度订单持续充足，没有出现客户调整订单的情况。
蓝思科技在4月10日发布公司2020年第一季度业绩预告，一季度蓝思科技实现盈利8.791亿元-8.841亿元，较上年同期亏损9696.62万元大幅扭亏为盈。有投资者就此在互动易上向蓝思科技提问，称市场有声音质疑公司造假。
蓝思科技回应表示，公司产能提升工作持续进行，行业一、二季度订单资源进一步向公司大幅集中，前三季度的订单持续充足，需求旺盛，公司的行业领先地位得到了进一步提升，竞争优势进一步凸显，一季度公司预计实现盈利8.79亿元—8.84亿元，利润水平较去年同期大幅增长。
根据蓝思科技2019年业绩快报，2019年公司实现营业总收入303.15亿元，较上年同期增长9.37%，归属于上市公司股东净利润为26.051亿元，较上年同期增长308.96%。
与二级市场跌停表现不同的是，多家券商发布研报重申买入。
中泰证券研报观点认为，去年蓝思科技大客户新品因为定价较为友好，出货量乐观，且公司在份额上获得明显优势，使得一季度订单饱满。同时从产业链调研信息来看，大客户春季手机新品3月份开始拉货，而生产端公司突发情况应对优秀，节后迅速开工确保生产，使得公司一季度产出较好，预计一季度收入有望迎来明显增长。
截至目前，蓝思科技为苹果、华为的重要核心战略一级供应商，并是特斯拉全球一级核心供应商，目前已交付批量产品给特斯拉中国上海、美国等工厂超过一年时间。去年三季度时，蓝思科技曾表示公司各园区已进入满负荷运行状态。
责任编辑：陈志杰",2020-04-13 18:27:08,新浪财经
11,完美世界2020年Q1游戏净利润预增60%～70%,"4月13日，完美世界发布2020年第一季度业绩预告，期内公司业务发展良好，经初步测算，实现净利润区间为5.85亿元至6.35亿元，预计比上年同期增长20.38%~30.66%，其中业绩增长主要来自游戏业务：公司游戏业务快速增长，净利润预计比上年同期大增60%~70%，具体数据将在2020年第一季度报告中详细披露。
据公告称，公司Q1净利润大增主要来自游戏业务。期内，受益于《诛仙手游》、《完美世界》手游、《神雕侠侣2》手游及《新笑傲江湖》手游等精品移动游戏的良好表现，以及《CS：GO（反恐精英：全球攻势）》、《诛仙》等端游产品的业绩贡献，公司游戏业务快速增长。
完美世界第一季度的表现与多方分析机构预期吻合。今年开年，新冠肺炎疫情影响全球，使包括线上娱乐在内的“宅经济”出现上行迹象，游戏市场需求大增，握有优质产品的游戏龙头公司受益明显。在整体市场向好的背景下，完美世界的游戏业务延续了2019年以来强劲增长的势头，多款游戏产品表现突出，是公司游戏业务业绩高速增长迈上新台阶的主要原因。
根据此前信息，2020年公司还计划推出《新神魔大陆》《战神遗迹》《梦幻新诛仙》《幻塔》等重量级手游。业内分析，随着新品推出和存续产品不断升级，完美世界的游戏产品有望延续良好表现，获得更强的市场竞争力。
责任编辑：王帅",2020-04-13 18:27:04,新浪财经
12,*ST罗普：拟向中恒投资定增募资5.055亿元,"新浪财经讯 4月13日消息，*ST罗普发布定增预案，拟非公开发行募集资金总额为5.055亿元，扣除发行费用后将全额用于补充公司流动资金。非公开发行股票的发行对象为苏州中恒投资有限公司，非公开发行股票的价格为3.37元/股。本次非公开发行股票发行对象认购的股份，自发行结束之日起3年内不得转让。
责任编辑：陈志杰",2020-04-13 18:21:58,新浪财经
13,国家先进制造产业投资基金二期入股药捷安康,"新浪财经讯4月13日消息，13日讯，据悉，国家先进制造产业投资基金二期（有限合伙）入股南京药捷安康生物科技有限公司（简称“药捷安康”）。据悉，先进制造产业投资基金由国投发起，二期募集规模达500亿元。基金二期的成立将加快我国制造业迈向全球价值链中高端，推动我国从制造大国向制造强国转变，而药捷安康是一家位于江苏的着眼于国际化的小分子创新药物研发平台。
责任编辑：王帅",2020-04-13 18:21:04,新浪财经
14,金溢科技：预计一季度净利润同比增长逾10倍,"新浪财经讯 4月13日消息，金溢科技晚间公告，预计一季度净利润为1.06亿-1.2亿元，同比增长1025.88%-1180.18%。报告期内，公司高速公路ETC设备营业收入同比增加，导致归属于上市公司股东的净利润同比增加。
责任编辑：陈志杰",2020-04-13 18:13:47,新浪财经
15,福晟“以房抵债”：数百名员工被套 股价只剩9分钱,"原标题：数百名员工被套、福晟集团“以房抵债” 股价只剩9分钱
跟投房产项目，年息30%？数百名员工被套，知名开发商“以房抵债”，股价只剩9分钱
福晟集团，总部位于福建福州，官网显示，其连续八年位居中国房地产百强企业，跻身中国房地产36强、中国建筑业19强。
今年清明小长假前夕，10余名曾经的福晟员工以“债主”的身份聚集在福晟位于福州的总部公司大楼，开始了漫长维权中的又一次登门追债。而维权的起因，便是员工跟投无法兑付所致。
(image_address=""//n.sinaimg.cn/sinakd2020413s/267/w447h620/20200413/a014-isehnni8987365.jpg"")福晟总部 图片来源：福晟集团官网
事实上，这10余名员工只是福晟维权大军中的一小部分。每日经济新闻记者在一个福晟员工的维权群中看到，里面人数高达480人，并且在持续增加中。
据知情人士向记者透露，此次福晟员工维权涉及的跟投金额估计在15亿元左右。
员工跟投难兑付，如今只能抵房子？
这群维权的原福晟员工，其中部分已辞职离开福晟，一部分刚离开不久，还有一部分则是在2019年底被以优化的名义辞掉的员工。
参与本次维权的原福晟员工张华告诉记者，2017年底，福晟开始筹备上市时就做了一个资金池，当时让员工以0.2元的价格购买原始股，并允诺公司上市成功后可以还给员工。“一年后公司上市，承诺的退出期到了，却被公司以稳定股价为由要求延长（持股）一年。就这样，有些员工至今未能退出，如今公司的股价也形同崩盘。”
除了股权，还有跟投。
和其他房企一样，福晟也加入了跟投大军，而这一模式在2017年达到了高潮。彼时，福晟的员工们享受着每年30%的固定收益，福晟内部称之为“财务投资型跟投”。
以徐淮钱隆御景3期财务型跟投方案为例：方案约定，项目在2018年6~11月内分5批次取得预售许可证，30%固定利率。在项目预售证取得30天内分批次退还本金（可视为每批退还20%本金），收益一年后予以支付。如果一年内未获得预售许可证，取得预售许可证30天内本金与收益分予以退还。
从2018年起，福晟开始频繁对员工进行跟投宣讲。“一般是中心总经理或副总经理来开会，收益允诺等均是现场宣讲，作口头允诺，跟投信息会发送到部门群里，没有签订书面协议。如果是现场开会，则被要求上缴手机，也无法拍照。”原福晟员工李辉告诉记者。
(image_address=""//n.sinaimg.cn/sinakd2020413s/359/w657h502/20200413/5b94-isehnni8987363.jpg"")福晟的抵购房项目 资料来源：受访者提供
李辉回忆称，当时基于对公司的信任，大家没觉得有何不妥。但也正是这份信任，给日后的维权增加了不少难度。
实际上，起初这些项目允诺的本金和利息还能按期还。但从2019年3月份开始，福晟的一些跟投项目到了还本付息期限却没有支付。而此时，福晟的资金流紧张的声音开始在员工们中间流传。到了2019年4月，不少员工发现公司出现了无法按期支付供应商货款、员工内部报销流程无法走完等情况。
“当年10月，公司就被曝出‘要破产’的新闻，员工们也大部分都知道情况了。”据李辉介绍，最开始公司董事长曾亲自出面辟谣，并安抚员工，表示公司没有破产。
但直到2019年底，世茂的审计团队正式进驻福晟，对福晟的债务进行尽调后，员工们才如梦初醒。
2020年1月，原福晟的投拓部门几乎被一锅端的全部优化，紧接着，工程口、成本部开始进行大裁员，唯一没有动的是营销口。
随后的1月17日，几百名员工在福晟总部钱隆广场开始了大范围维权。彼时，原福晟高管吴继红怕影响公司品牌形象，将维权人员喊到3楼会议室，开了内部安抚会。
而此时，参与项目跟投的员工们清楚自己没有签订任何与利息承诺有关的协议，手里只有收据，于是要求公司补充跟投的相关协议，但未得到公司的正面回复。
张华告诉记者，此前公司曾拿出大量房源和车位进行抵扣，但这批标的有瑕疵，无法签订转让合同，所以员工们并不买账。
(image_address=""//n.sinaimg.cn/sinakd2020413s/125/w562h363/20200413/248c-isehnni8987412.jpg"")福晟给员工的两个解方案 资料来源：受访者提供
4月1日下午，公司高层组织了高层开了名为投资款方案的解决宣讲会，提前得知信息的员工们纷纷围在会议室外等待结果，而得到的方案却不如预期：一个方案是九七折抵购房款，另一个则是现金偿还八折本金。
原福晟员工王超给每日经济新闻记者算了一笔账，以抵房方案中的世茂云潮为例，该项目的一套房源底价约200.8万元，九七折后约194.8万元，优惠约6万元。假设跟投人本金是200万元，按照方案一，公司一年承诺30%收益，利息60万元（实际借款已近2~3年）。
再如抵房方案的福晟漳州黄金海岸项目（现案名为云樾鹭海），2017年由福晟收购而来，2019年没有按期收回本金及利息，如今这个集资项目却成了抵购项目。该项目原先向员工以2万元/平米价格集资，允诺到期按3万/平米公司会回购。而现在公司给出的抵购房房源单价仅1.6万元/平方米。
记者以福晟员工的名义咨询了上述项目案场，对方销售人员表示，项目首开价格在1.7万元/平方米，整个项目均价预计在2.3万元/平方米。随后记者问及具体折扣，对方表示，具体折扣数需要上报才能知道。
王超表示，抵购房里位置较好的房源价格都是总价200万元甚至上千万元，无法满足大部分员工的跟投款金额，总价低的房源位置偏远，市场行情也不好。
此外，抵扣中涉及到一些无法顺利变现的车位，是无法签产权的。也因为没有认购协议，车位非常难卖。
记者注意到，除了员工跟投，一家给福晟做咨询管理的供应商也以合作伙伴方式的加入了福晟的项目跟投。2018年，该供应商以内部员工集资的方式参与了福晟的福州福晟钱隆府项目跟投，根据约定在拿到预售许可的3个月内还本付息。
彼时，项目顺利开盘，销售均价在2万元/平方米。到了2018年底，该供应商提出按照要求退还本金，但福晟以各种理由拖延。2019年2月，该供应商终于收到了600万元本金，但剩余部分本金和收益仍没有着落。如今，这家供应商也和福晟的其他跟投员工一起，加入到维权大军行列。
高利虽诱人，跟投风险不容小觑
项目跟投，原本是属于职工持股或者股权激励范围内的举措，后来成为一种发展机制。58安居客房产研究院分院院长张波告诉记者，跟投对公司的意义其实很简单，即“风控+激励”。
首先项目跟投可以提高项目决策的准确性，把高管和骨干员工变成了集团公司的股东，让大家实现利益捆绑。同理，基层员工成了项目公司的股东，利益也和项目的收益进行了捆绑，一旦出了重大亏损或者项目推进困难，所谓一荣俱荣，一损俱损。
对员工来说，跟投则是赚更多钱的一种方式。本来是给企业打工，跟投就变成了部分给自己打工，做不好可能补亏，做得好就赚得多。
以中梁地产为例，据其员工刘浩介绍，其曾经投了公司江苏的一个项目，初始资金在2万元，第一笔分红含税2.6万元；第二笔分红2.4万元，除去资金利息，最终年化受益在152%左右。如此高收益，也难怪员工们会趋之若鹜。
(image_address=""//n.sinaimg.cn/sinakd2020413s/266/w418h648/20200413/ba3b-isehnni8987413.jpg"")福晟惠州项目的跟投缴款通知 资料来源：受访者提供
但同样的，跟投风险不容小觑。
那么，这个所谓的跟投在法律上究竟是如何界定的呢？上海市海华永泰律师事务所徐晓明律师告诉记者，房企开展员工跟投的形式多种多样，具体法律性质应视项目具体操作和双方协议约定，其性质可分为借贷关系与投资关系两种。如认定为借贷关系的，那么即便公司因为项目开发不利出现亏损，仍需向员工还本付息；如认定为投资关系的，则意味着员工需和公司共担市场风险，共享投资收益，在开发不利的情况下，员工跟投甚至有可能会打水漂。
司法实践中，对于跟投性质的认定，并不仅仅看协议字面表述，而是会根据当事人的投资目的、实际权利义务等因素综合认定其性质。一般来说，如果投资人的目的并非为了取得目标公司股权，而仅是为了获取固定收益，保本付息的，且不享有参与公司经营管理权利的，应认定为借贷关系，而非投资关系，目标公司或有回购义务的股东是投资人的债务人。
徐晓明律师提醒，如上述跟投项目被认定为借贷关系的，首先需查明债务人是谁？如集资款实际借款人是福晟原股东，或集资款被原股东支配使用于其他项目的，则真正的债务人应为原股东，原股东对债务应承担还款责任。如集资款实际借款人是公司，也确用于公司项目的，则在正常情况下，股东财产与公司财产相分离，股东转让股权是股东对自有权利的处分，影响的是股东自身权益，对公司财产并不产生直接影响。
因此，一般情况下股权转让不会对公司原有债务承担产生影响，债务人仍然是公司。但在原股东未履行出资义务，原股东与公司发生人格混同，原股东恶意侵害公司利益、损害债权人利益的情况下，原股东仍应对公司债务承担连带责任。
张波直言，作为内部人组成的小股东，一般都是受到企业为主体的大股东的控制的，并不会同股同权。
跟投“变形”，企业和员工分道扬镳
从2018年下半年开始，跟投似乎变得不那么“灵光”了。
“说白了大家在赌市场。”刘浩称，目前不少公司都是强制跟投，但很多公司对于本金是有兜底条款的，比如项目跟投本金，最多让你补缴一倍，这风险很大。于是，很多人前期分钱后，就会选择拍拍屁股走人，很难深耕。
“很多时候企业和员工反目成仇，都是因为亏钱了。老板想的是绑定核心，拿了这个项目要对这个项目负责，但现实却是，跟投更像是来做兜底的。”刘浩表示。
不过在张波看来，这也倒逼一些房企将强制跟投改为自愿，投资也有限额，比如工资40%。员工可以选项目，可以选择配资或者不配资，不配资就收益低一点，配资风险高一点。同时跟投有上限，给予一定比例，根据公司职级来。
就原富晟员工跟投维权的相关问题，福晟集团原董事长潘伟明4月8日接受财新记者采访时表示，“我们会尽快解决这个事情，政府已经在做方案。”
就在3月30日举行的业绩会上，世茂董事局副主席许世坛表示，会陆续把福晟的一些项目并到上市公司，但需要过程、需要尽调、资产、财务等一项项做。
截至4月9日收盘，福晟国际股价报0.09港元，总市值为10.23亿港元。
责任编辑：陈志杰",2020-04-13 18:11:34,新浪财经
16,"拉卡拉：已剥离资产高价收回 巨头挤压""战略混乱""？","来源： 翠鸟资本
拉卡拉（300773.SZ）亮眼的净利润似乎“遮盖”了些什么，仔细一看，原来是营收。
营收下降明显
根据拉卡拉公布的2019年年报，全年实现收入约49亿，比2018年骤降了6.8亿元，约13.7%。对此拉卡拉的解释为：因为公司主动调整商户和收入结构导致收入同比下降。
(image_address=""//n.sinaimg.cn/finance/crawl/789/w550h239/20200413/d36e-isehnni8985315.png"")
这一点也从其收入构成上可以看到，根据年报，拉卡拉支付业务营收43.46亿，占比88.7%，但同比减少了16.74%；商户经营业务（金融科技、电商科技、信息科技）营收4.42亿元，尽管同比增加119.59%，但仅占总营收的9.02%。
据了解，拉卡拉自2019年初开始不断调整商户结构，降低需要大量补贴及低利润率商户例如批发领域等，全年收单交易金额达到3.25万亿元同比下降11.03%，收入同比下滑13.7%。而这一成绩也略低于部分券商51亿左右营收的预期。
营收下滑之外，在拉卡拉四大科技业务板块中，去年拉卡拉支付业务和商户经营业务的毛利率都有所下降。其中支付业务毛利率41.71%，同期减少0.86%；商户经营业务毛利率70.5%，同期减少26.02%。
今年2月19日，拉卡拉在接受机构调研时曾表示：“疫情短期内对国内餐饮、酒店、零售、旅游等行业影响较大，公司服务的商户区域和行业分布广泛且规模巨大，上述行业的商户交易量占比较小，预计一季度交易量同比会略有下滑，疫情结束之后，公司交易量将回升，保持增长。”
拉卡拉披露的2020年第一季度业绩预告显示：公司预计盈利1.62亿元-1.7亿元，较上年同期增长1.3%-6.3%，增速出现放缓的迹象。
麻烦不断
作为国内第一批获央行颁发支付牌照的第三方支付机构，拉卡拉于2019年4月25日在深交所创业板上市。
但上市仅半年，拉卡拉的麻烦就来了。2019年11月，据央视网报道，江苏淮安警方依法打击了7家涉嫌侵犯公民个人信息犯罪的公司，涉嫌非法缓存公民个人信息1亿多条。
其中，拉卡拉支付旗下的考拉征信涉嫌非法提供身份证返照查询9800多万次，获利3800万元，警方已将考拉征信服务有限公司及北京黑格公司的法定代表人、董事长、销售、技术等20余名涉案人员抓获。
在公司服务器中查获并收缴被非法获取、存储的公民姓名、身份证号、相片近1亿条。警方已将考拉征信及北京黑格公司的法定代表人、董事长、销售、技术等20余名涉案人员抓获，并于2019年4月在北京将他们上游公司的5名涉案人员抓获。
拉卡拉股价随即跌下50元。11月20日午后拉卡拉股价跌停，报49.29元，21日收跌2.25%，盘中最低报45.94元。
11月20日，深交所向拉卡拉发出问询函。11月22日拉卡拉在回应中确认，2018年9月考拉征信因涉案目前被公安机关立案调查，相关人员正在配合侦查。
2019年11月6日，考拉昆仑（考拉征信股东）召开股东会，通报了考拉征信涉案事项已经由公安机关移送检察机关，目前检察机关已退回公安机关补充侦查。
拉卡拉表示，其公司不能控制考拉昆仑股东会、董事会、经营决策，同时亦未控制考拉昆仑全资子公司考拉征信，考拉征信涉嫌经营违规事项对公司不构成重大影响。拉卡拉称其不存在利用个人征信信息开展业务活动的情形。
考拉征信余波未息。2020年，因受疫情影响，国内出台多项政策支持中小微企业和个体户的日常经营，让广大商户感受到国家层面的保护和支持，然而在此期间却出现了一些不和谐的声音。
近日，不少商户在新浪旗下黑猫投诉平台上发布投诉信息称，拉卡拉在未经过商户允许的情况下私自冻结商户资金，导致商户资金周转紧张。
对于大量商户投诉资金遭冻结，拉卡拉在黑猫平台上均回复称：“由于您的交易存在异常，您的交易资金已暂缓结算，依据监管规定我司需进一步核实您的相关信息，谢谢。”但大多数商户的投诉目前仍未得到妥善处理。
拉卡拉在公开渠道也回应称，对可疑交易进行风险监测、处置、报告，是支付机构反洗钱的法定义务，拉卡拉严格依法合规开展工作。
剥离资产欲高价再购回？
在业绩和市场声誉之外，拉卡拉近期还有一项收购备受外界质疑。
拉卡拉《招股说明书》曾显示，公司于2016年将北京拉卡拉小贷、广州拉卡拉小贷等10家全资及控股子公司股权转让给西藏考拉科技发展有限公司，剥离的业务包括“易分期”、“房快贷”等互联网贷款业务，交易对价合计约14.4亿元。
拉卡拉第一大股东联想控股、第二大股东兼公司董事长孙陶然分别持有西藏考拉51%、33%的股份，属于关联方。
拉卡拉还在招股书中提到，“将剥离公司的业务剥离出去，有利于发行人进一步专注于发展第三方支付业务的主营业务，符合全体股东的利益，具有商业合理性”。
不过，公司虽然卖了，但拉卡拉仍授权剥离公司在2016年12月12日至2019年12月11日间无偿使用“拉卡拉”商号以及相关注册商标进行业务活动。
不仅如此，前述授权期限到期后，拉卡拉又于2019年12月11日与西藏考拉签署了新的《商标和商号许可协议》。
难道拉卡拉对这些公司还有想法？
对此，深交所要求说明公司仍与西藏考拉续签商号许可协议的商业逻辑和合理性、对价的公允性，并结合易分期等业务的负面舆情、合规性风险，说明前述授权是否会给上市公司带来风险及不利影响，是否有损上市公司利益，是否存在向大股东输送利益的情形。
而截至当时函件发送日，“拉卡拉”APP仍可见前述贷款业务入口，深交所要求公司说明所述“双方业务独立运营”的合理性。公司APP贷款业务有关个人数据的管理、储存、使用情况，是否存在利用贷款业务收集数据、开展其他业务的行为，业务是否存在合规性风险，并请保荐机构核查并发表明确意见。
这其中说不清道不明的关系还没讲清楚，戏剧性的一幕却突然发生了。
2020年4月9日，第三方支付机构拉卡拉发布了《关于收购资产暨关联交易的公告》，宣布计划分别使用自有资金人民币约19.1亿元与2.1亿元收购广州众赢维融智能科技有限公司（以下简称“广州众赢”）与深圳众赢维融科技有限公司（以下简称“深圳众赢”）的100%股权。本次交易属于关联交易，但不构成重大资产重组。
公告一出便受到了广泛关注，深交所也发出关注函，要求对本次收购交易进一步说明。其中两个比较核心的问题是其中的焦点——本次交易作价的公允性和合理性，以及将此前剥离的公司重新收购的考虑。
深交所要求说明公司在上市不到1年内即重新收购剥离的公司的原因，以及本次收购筹划的过程，包括但不限于首次筹划时间、内部决策及与交易对手方沟通进程等；说明本次收购是否存在监管套利，是否有损上市公司利益。
拉卡拉在发布的收购公告中却称，广州众赢和深圳众赢通过多年经营，在金融科技领域积累了丰富的运营经验，形成了业内领先的风控能力，重视合法合规经营，其业务具有良好的稳定性和可持续性。本次收购广州众嬴、深圳众嬴将有利于上市公司提升核心竞争力，会产生良好的协同效应、实现上市公司与标的公司协同发展、共赢。
短短一年，拉卡拉就“出尔反尔”，对同一标的态度为何发生如此大转弯？是当时决策失误？还是最近战略混乱？看来需要拉卡拉来“自证清白”了。
不过，可以看到的是，拉卡拉曾坐上过C端终端支付王座。但巨头的加入，颠覆了市场格局。2018年底，拉卡拉在移动支付领域的市场份额已不足1%。
此后，拉卡拉开始发力企业B端收单业务，2016-2018年，拉卡拉企业收单业务交易规模，几乎以每年翻一翻的速度在增长。截至2018年底，拉卡拉的B端业务收入占比高达89%。
但巨头们又来了，拉卡拉相关业务看上去再次受到了巨头挑战。
在资金体量不占优势的情况下，如何搭建B端终端支付的护城河，以抵御巨头进攻，防止C端支付里“起了个大早、赶了个晚集”的情况再一次发生？这是拉卡拉需要思考的。
免责声明：自媒体综合提供的内容均源自自媒体，版权归原作者所有，转载请联系原作者并获许可。文章观点仅代表作者本人，不代表新浪立场。若内容涉及投资建议，仅供参考勿作为投资依据。投资有风险，入市需谨慎。
责任编辑：王帅",2020-04-13 18:06:14,新浪财经
17,海联讯：多名董监高辞职,"新浪财经讯 4月13日消息，海联讯公告，公司收到公司董事长兼总经理王天青、董事罗佳、独立董事龙哲、独立董事杨晓樱提交的书面辞职报告。此外，公司还收到监事会主席曾丽娜、监事李珊提交的书面辞职报告。除王天青保留公司董事职务；其余董监高将不再担任公司任何职务。
责任编辑：陈志杰",2020-04-13 18:05:18,新浪财经
